n         Simpson Error       Trapezoidal Error   Simpson Order     Trapez. Order     
--------------------------------------------------------------------------------------
1         3.845896e-01        3.435696e-01        -                 -                 
2         1.286315e-02        9.553977e-02        4.90200           1.84643           
4         6.946970e-04        2.440597e-02        4.21072           1.96887           
8         4.125974e-05        6.132436e-03        4.07358           1.99270           
16        2.543499e-06        1.535017e-03        4.01985           1.99821           
32        1.584126e-07        3.838730e-04        4.00506           1.99955           
64        9.892077e-09        9.597567e-05        4.00127           1.99989           
128       6.181186e-10        2.399438e-05        4.00032           1.99997           
256       3.863043e-11        5.998624e-06        4.00007           1.99999           
512       2.414069e-12        1.499658e-06        4.00020           2.00000           
1024      1.511014e-13        3.749146e-07        3.99788           2.00000           
